1111111111111111111111110111111111111111111111111131111  1
1111111111111111111111110111111111111111111113111111111  2
1111111111111111111111110111111111111111131111111111111  3
1111111111111111111111110111111111111311111111111111111  4
1111111111111111111111110111111113111111111111111111111  5
1111111111111111111111110111113111111111111111111111111  6
1111111111111111111111110131111111111111111111111111111  7
1111111111111111111111113111111111111111111111111111111  8
1111111111111111111113110111111111111111111111111111111  9
1111111111111111111311110111111111111111111111111111111  10
1111111111111111311111110111111111111111111111111111111  11
1111111111111131111111110111111111111111111111111111111  12
1111111111113111111111110111111111111111111111111111111  13
1111111111131111111111110111111111111111111111111111111  14
1111111113111111111111110111111111111111111111111111111  15
1111111131111111111111110111111111111111111111111111111  16
1111111311111111111111110111111111111111111111111111111  17
1111113111111111111111110111111111111111111111111111111  18
1111131111111111111111110111111111111111111111111111111  19
1111131111111111111111110111111111111111111111111111111  20
1111131111111111111111110111111111111111111111111111111  21
1111131111111111111111110111111111111111111111111111111  22
1111131111111111111111110111111111111111111111111111111  23
1111113111111111111111110111111111111111111111111111111  24
1111111311111111111111110111111111111111111111111111111  25
1111111131111111111111110111111111111111111111111111111  26
1111111113111111111111110111111111111111111111111111111  27
1111111111131111111111110111111111111111111111111111111  28
1111111111113111111111110111111111111111111111111111111  29
1111111111111131111111110111111111111111111111111111111  30
1111111111111111311111110111111111111111111111111111111  31
1111111111111111111311110111111111111111111111111111111  32
1111111111111111111113110111111111111111111111111111111  33
1111111111111111111111113111111111111111111111111111111  34
1111111111111111111111110131111111111111111111111111111  35
1111111111111111111111110111113111111111111111111111111  36
1111111111111111111111110111111113111111111111111111111  37
1111111111111111111111110111111111111311111111111111111  38
1111111111111111111111110111111111111111131111111111111  39
1111111111111111111111110111111111111111111113111111111  40
1111111111111111111111110111111111111111111111111131111  41
